p sp 4243 4142
e 1 2 1
e 1 3 1
e 1 4 1
e 1 5 1
e 1 6 1
e 7 8 1
e 7 9 1
e 10 11 1
e 10 12 1
e 10 13 1
e 10 14 1
e 10 15 1
e 10 16 1
e 13 31 1
e 13 32 1
e 13 49 1
e 13 54 1
e 13 55 1
e 13 60 1
e 13 63 1
e 13 65 1
e 13 67 1
e 13 104 1
e 13 105 1
e 13 106 1
e 13 109 1
e 13 110 1
e 13 120 1
e 13 122 1
e 13 149 1
e 13 207 1
e 13 216 1
e 13 217 1
e 13 219 1
e 13 266 1
e 13 303 1
e 13 318 1
e 13 427 1
e 13 445 1
e 13 476 1
e 13 520 1
e 13 599 1
e 13 651 1
e 13 671 1
e 13 679 1
e 13 680 1
e 13 681 1
e 13 686 1
e 13 688 1
e 13 696 1
e 13 699 1
e 13 707 1
e 13 747 1
e 13 771 1
e 13 859 1
e 13 876 1
e 13 885 1
e 13 903 1
e 13 904 1
e 13 925 1
e 13 927 1
e 13 928 1
e 13 961 1
e 13 980 1
e 13 990 1
e 13 994 1
e 13 999 1
e 13 1000 1
e 13 1052 1
e 13 1088 1
e 13 1091 1
e 13 1128 1
e 13 1130 1
e 13 1211 1
e 13 1222 1
e 13 1223 1
e 13 1225 1
e 13 1226 1
e 13 1227 1
e 13 1266 1
e 13 1268 1
e 13 1275 1
e 13 1276 1
e 13 1277 1
e 13 1278 1
e 13 1279 1
e 13 1280 1
e 13 1281 1
e 13 1282 1
e 13 1283 1
e 13 1284 1
e 13 1285 1
e 13 1287 1
e 13 1494 1
e 13 1510 1
e 13 1512 1
e 13 1513 1
e 13 1514 1
e 13 1515 1
e 13 1516 1
e 13 1517 1
e 13 1518 1
e 13 1519 1
e 13 1520 1
e 13 1522 1
e 13 1523 1
e 13 1558 1
e 13 1630 1
e 13 1634 1
e 13 1635 1
e 13 1651 1
e 13 1652 1
e 13 1687 1
e 13 1700 1
e 13 1702 1
e 13 1767 1
e 13 1810 1
e 13 1812 1
e 13 1835 1
e 13 1866 1
e 13 1868 1
e 13 1872 1
e 13 1903 1
e 13 1974 1
e 13 2022 1
e 13 2116 1
e 13 2189 1
e 13 2273 1
e 13 2281 1
e 13 2330 1
e 13 2332 1
e 13 2333 1
e 13 2334 1
e 13 2337 1
e 13 2338 1
e 13 2340 1
e 13 2361 1
e 13 2441 1
e 13 2442 1
e 13 2443 1
e 13 2444 1
e 13 2445 1
e 13 2446 1
e 13 2447 1
e 13 2448 1
e 13 2449 1
e 13 2450 1
e 13 2451 1
e 13 2452 1
e 13 2453 1
e 13 2454 1
e 13 2455 1
e 13 2456 1
e 13 2457 1
e 13 2458 1
e 13 2459 1
e 13 2460 1
e 13 2461 1
e 13 2462 1
e 13 2463 1
e 13 2464 1
e 13 2465 1
e 13 2466 1
e 13 2467 1
e 13 2468 1
e 13 2469 1
e 13 2470 1
e 13 2471 1
e 13 2472 1
e 13 2473 1
e 13 2474 1
e 13 2475 1
e 13 2476 1
e 13 2477 1
e 13 2478 1
e 13 2479 1
e 13 2480 1
e 13 2481 1
e 13 2482 1
e 13 2483 1
e 13 2484 1
e 13 2485 1
e 13 2486 1
e 13 2487 1
e 13 2488 1
e 13 2489 1
e 13 2490 1
e 13 2491 1
e 13 2492 1
e 13 2493 1
e 13 2494 1
e 13 2495 1
e 13 2496 1
e 13 2497 1
e 13 2498 1
e 13 2499 1
e 13 2500 1
e 13 2501 1
e 13 2502 1
e 13 2503 1
e 13 2504 1
e 13 2505 1
e 13 2506 1
e 13 2507 1
e 13 2508 1
e 13 2509 1
e 13 2510 1
e 13 2511 1
e 13 2512 1
e 13 2513 1
e 13 2514 1
e 13 2515 1
e 13 2516 1
e 13 2517 1
e 13 2518 1
e 13 2519 1
e 13 2520 1
e 13 2521 1
e 13 2522 1
e 13 2523 1
e 13 2524 1
e 13 2525 1
e 13 2526 1
e 13 2527 1
e 13 2528 1
e 13 2529 1
e 13 2530 1
e 13 2531 1
e 13 2532 1
e 13 2533 1
e 13 2534 1
e 13 2535 1
e 13 2536 1
e 13 2537 1
e 13 2538 1
e 13 2539 1
e 13 2540 1
e 13 2541 1
e 13 2542 1
e 13 2543 1
e 13 2544 1
e 13 2545 1
e 13 2546 1
e 13 2547 1
e 13 2548 1
e 13 2549 1
e 13 2550 1
e 13 2551 1
e 13 2552 1
e 13 2553 1
e 13 2554 1
e 13 2555 1
e 13 2556 1
e 13 2557 1
e 13 2558 1
e 13 2559 1
e 13 2560 1
e 13 2561 1
e 13 2562 1
e 13 2563 1
e 13 2564 1
e 13 2565 1
e 13 2566 1
e 13 2567 1
e 13 2568 1
e 13 2569 1
e 13 2570 1
e 13 2571 1
e 13 2572 1
e 13 2573 1
e 13 2574 1
e 13 2575 1
e 13 2576 1
e 13 2577 1
e 13 2578 1
e 13 2579 1
e 13 2580 1
e 13 2581 1
e 13 2582 1
e 13 2583 1
e 13 2584 1
e 13 2585 1
e 13 2586 1
e 13 2587 1
e 13 2588 1
e 13 2589 1
e 13 2590 1
e 13 2591 1
e 13 2592 1
e 13 2593 1
e 13 2594 1
e 13 2595 1
e 13 2596 1
e 13 2597 1
e 13 2598 1
e 13 2599 1
e 13 2600 1
e 13 2601 1
e 13 2602 1
e 13 2603 1
e 13 2604 1
e 13 2605 1
e 13 2606 1
e 13 2607 1
e 13 2608 1
e 13 2609 1
e 13 2610 1
e 13 2611 1
e 13 2612 1
e 13 2613 1
e 13 2614 1
e 13 2615 1
e 13 2616 1
e 13 2617 1
e 13 2618 1
e 13 2619 1
e 13 2620 1
e 13 2621 1
e 13 2622 1
e 13 2623 1
e 13 2624 1
e 13 2625 1
e 13 2626 1
e 13 2627 1
e 13 2628 1
e 13 2629 1
e 13 2630 1
e 13 2631 1
e 13 2632 1
e 13 2633 1
e 13 2634 1
e 13 2635 1
e 13 2636 1
e 13 2637 1
e 13 2638 1
e 13 2639 1
e 13 2640 1
e 13 2641 1
e 13 2642 1
e 13 2643 1
e 13 2644 1
e 13 2645 1
e 13 2646 1
e 13 2647 1
e 13 2648 1
e 13 2649 1
e 13 2650 1
e 13 2651 1
e 13 2652 1
e 13 2653 1
e 13 2654 1
e 13 2655 1
e 13 2656 1
e 13 2657 1
e 13 2658 1
e 13 2659 1
e 13 2660 1
e 13 2661 1
e 13 2662 1
e 13 2663 1
e 13 2664 1
e 13 2665 1
e 13 2666 1
e 13 2667 1
e 13 2668 1
e 13 2669 1
e 13 2670 1
e 13 2671 1
e 13 2672 1
e 13 2673 1
e 13 2674 1
e 13 2675 1
e 13 2676 1
e 13 2677 1
e 13 2678 1
e 13 2679 1
e 13 2680 1
e 13 2681 1
e 13 2682 1
e 13 2683 1
e 13 2684 1
e 13 2685 1
e 13 2686 1
e 13 2687 1
e 13 2688 1
e 13 2689 1
e 13 2690 1
e 13 2691 1
e 13 2692 1
e 13 2693 1
e 13 2694 1
e 13 2695 1
e 13 2696 1
e 13 2697 1
e 13 2698 1
e 13 2699 1
e 13 2700 1
e 13 2701 1
e 13 2702 1
e 13 2703 1
e 13 2704 1
e 13 2705 1
e 13 2706 1
e 13 2707 1
e 13 2708 1
e 13 2709 1
e 13 2710 1
e 13 2711 1
e 13 2712 1
e 13 2713 1
e 13 2714 1
e 13 2715 1
e 13 2716 1
e 13 2717 1
e 13 2718 1
e 13 2719 1
e 13 2720 1
e 13 2721 1
e 13 2722 1
e 13 2723 1
e 13 2724 1
e 13 2725 1
e 13 2726 1
e 13 2727 1
e 13 2728 1
e 13 2729 1
e 13 2730 1
e 13 2731 1
e 13 2732 1
e 13 2733 1
e 13 2734 1
e 13 2735 1
e 13 2736 1
e 13 2737 1
e 13 2738 1
e 13 2739 1
e 13 2740 1
e 13 2741 1
e 13 2742 1
e 13 2743 1
e 13 2744 1
e 13 2745 1
e 13 2746 1
e 13 2747 1
e 13 2748 1
e 13 2749 1
e 13 2750 1
e 13 2751 1
e 13 2752 1
e 13 2753 1
e 13 2754 1
e 13 2755 1
e 13 2756 1
e 13 2757 1
e 13 2758 1
e 13 2759 1
e 13 2760 1
e 13 2761 1
e 13 2762 1
e 13 2763 1
e 13 2764 1
e 13 2765 1
e 13 2766 1
e 13 2767 1
e 13 2768 1
e 13 2769 1
e 13 2770 1
e 13 2771 1
e 13 2772 1
e 13 2773 1
e 13 2774 1
e 13 2775 1
e 13 2776 1
e 13 2777 1
e 13 2778 1
e 13 2779 1
e 13 2780 1
e 13 2781 1
e 13 2782 1
e 13 2783 1
e 13 2784 1
e 13 2785 1
e 13 2786 1
e 13 2787 1
e 13 2788 1
e 13 2789 1
e 13 2790 1
e 13 2791 1
e 13 2792 1
e 13 2793 1
e 13 2794 1
e 13 2795 1
e 13 2796 1
e 13 2797 1
e 13 2798 1
e 13 2799 1
e 13 2800 1
e 13 2801 1
e 13 2802 1
e 13 2803 1
e 13 2804 1
e 13 2805 1
e 13 2806 1
e 13 2807 1
e 13 2808 1
e 13 2809 1
e 13 2810 1
e 13 2811 1
e 13 2812 1
e 13 2813 1
e 13 2814 1
e 13 2815 1
e 13 2816 1
e 13 2817 1
e 13 2818 1
e 13 2819 1
e 13 2820 1
e 13 2821 1
e 13 2822 1
e 13 2823 1
e 13 2824 1
e 13 2825 1
e 13 2826 1
e 13 2827 1
e 13 2828 1
e 13 2829 1
e 13 2830 1
e 13 2831 1
e 13 2832 1
e 13 2833 1
e 13 2834 1
e 13 2835 1
e 13 2836 1
e 13 2837 1
e 13 2838 1
e 13 2839 1
e 13 2840 1
e 13 2841 1
e 13 2842 1
e 13 2843 1
e 13 2844 1
e 13 2845 1
e 13 2846 1
e 13 2847 1
e 13 2848 1
e 13 2849 1
e 13 2850 1
e 13 2851 1
e 13 2852 1
e 13 2853 1
e 13 2854 1
e 13 2855 1
e 13 2856 1
e 13 2857 1
e 13 2858 1
e 13 2859 1
e 13 2860 1
e 13 2861 1
e 13 2862 1
e 13 2863 1
e 13 2864 1
e 13 2865 1
e 13 2866 1
e 13 2867 1
e 13 2868 1
e 13 2869 1
e 13 2870 1
e 13 2871 1
e 13 2872 1
e 13 2873 1
e 13 2874 1
e 13 2875 1
e 13 2876 1
e 13 2877 1
e 13 2878 1
e 13 2879 1
e 13 2880 1
e 13 2881 1
e 13 2882 1
e 13 2883 1
e 13 2884 1
e 13 2885 1
e 13 2886 1
e 13 2887 1
e 13 2888 1
e 13 2889 1
e 13 2890 1
e 13 2891 1
e 13 2892 1
e 13 2893 1
e 13 2894 1
e 13 2895 1
e 13 2896 1
e 13 2897 1
e 13 2898 1
e 13 2899 1
e 13 2900 1
e 13 2901 1
e 13 2902 1
e 13 2903 1
e 13 2904 1
e 13 2905 1
e 13 2906 1
e 13 2907 1
e 13 2908 1
e 13 2909 1
e 13 2910 1
e 13 2911 1
e 13 2912 1
e 13 2913 1
e 13 2914 1
e 13 2915 1
e 13 2916 1
e 13 2917 1
e 13 2918 1
e 13 2919 1
e 13 2920 1
e 13 2921 1
e 13 2922 1
e 13 2923 1
e 13 2924 1
e 13 2925 1
e 13 2926 1
e 13 2927 1
e 13 2928 1
e 13 2929 1
e 13 2930 1
e 13 2931 1
e 13 2932 1
e 13 2933 1
e 13 2934 1
e 13 2935 1
e 13 2936 1
e 13 2937 1
e 13 2938 1
e 13 2939 1
e 13 2940 1
e 13 2941 1
e 13 2942 1
e 13 2943 1
e 13 2944 1
e 13 2945 1
e 13 2946 1
e 13 2947 1
e 13 2948 1
e 13 2949 1
e 13 2950 1
e 13 2951 1
e 13 2952 1
e 13 2953 1
e 13 2954 1
e 13 2955 1
e 13 2956 1
e 13 2957 1
e 13 2958 1
e 13 2959 1
e 13 2960 1
e 13 2961 1
e 13 2962 1
e 13 2963 1
e 13 2964 1
e 13 2965 1
e 13 2966 1
e 13 2967 1
e 13 2968 1
e 13 2969 1
e 13 2970 1
e 13 2971 1
e 13 2972 1
e 13 2973 1
e 13 2974 1
e 13 2975 1
e 13 2976 1
e 13 2977 1
e 13 2978 1
e 13 2979 1
e 13 2980 1
e 13 2981 1
e 13 2982 1
e 13 2983 1
e 13 2984 1
e 13 2985 1
e 13 2986 1
e 13 2987 1
e 13 2988 1
e 13 2989 1
e 13 2990 1
e 13 2991 1
e 13 2992 1
e 13 2993 1
e 13 2994 1
e 13 2995 1
e 13 2996 1
e 13 2997 1
e 13 2998 1
e 13 2999 1
e 13 3000 1
e 13 3001 1
e 13 3002 1
e 13 3003 1
e 13 3004 1
e 13 3005 1
e 13 3006 1
e 13 3007 1
e 13 3008 1
e 13 3009 1
e 13 3010 1
e 13 3011 1
e 13 3012 1
e 13 3013 1
e 13 3014 1
e 13 3015 1
e 13 3016 1
e 13 3017 1
e 13 3018 1
e 13 3019 1
e 13 3020 1
e 13 3021 1
e 13 3022 1
e 13 3023 1
e 13 3024 1
e 13 3025 1
e 13 3026 1
e 13 3027 1
e 13 3028 1
e 13 3029 1
e 13 3030 1
e 13 3031 1
e 13 3032 1
e 13 3033 1
e 13 3034 1
e 13 3035 1
e 13 3036 1
e 13 3037 1
e 13 3038 1
e 13 3039 1
e 13 3040 1
e 13 3041 1
e 13 3042 1
e 13 3043 1
e 13 3044 1
e 13 3045 1
e 13 3046 1
e 13 3047 1
e 13 3048 1
e 13 3049 1
e 13 3050 1
e 13 3051 1
e 13 3052 1
e 13 3053 1
e 13 3054 1
e 13 3055 1
e 13 3056 1
e 13 3057 1
e 13 3058 1
e 13 3059 1
e 13 3060 1
e 13 3061 1
e 13 3062 1
e 13 3063 1
e 13 3064 1
e 13 3065 1
e 13 3066 1
e 13 3067 1
e 13 3068 1
e 13 3069 1
e 13 3070 1
e 13 3071 1
e 13 3072 1
e 13 3073 1
e 13 3074 1
e 13 3075 1
e 13 3076 1
e 13 3077 1
e 13 3078 1
e 13 3079 1
e 13 3080 1
e 13 3081 1
e 13 3082 1
e 13 3083 1
e 13 3084 1
e 13 3085 1
e 13 3086 1
e 13 3087 1
e 13 3088 1
e 13 3089 1
e 13 3090 1
e 13 3091 1
e 13 3092 1
e 13 3093 1
e 13 3094 1
e 13 3095 1
e 13 3096 1
e 13 3097 1
e 13 3098 1
e 13 3099 1
e 13 3100 1
e 13 3101 1
e 13 3102 1
e 13 3103 1
e 13 3104 1
e 13 3105 1
e 13 3106 1
e 13 3107 1
e 13 3108 1
e 13 3109 1
e 13 3110 1
e 13 3111 1
e 13 3112 1
e 13 3113 1
e 13 3114 1
e 13 3115 1
e 13 3116 1
e 13 3117 1
e 13 3118 1
e 13 3119 1
e 13 3120 1
e 13 3121 1
e 13 3122 1
e 13 3123 1
e 13 3124 1
e 13 3125 1
e 13 3126 1
e 13 3127 1
e 13 3128 1
e 13 3129 1
e 13 3130 1
e 13 3131 1
e 13 3132 1
e 13 3133 1
e 13 3134 1
e 13 3135 1
e 13 3136 1
e 13 3137 1
e 13 3138 1
e 13 3139 1
e 13 3140 1
e 13 3141 1
e 13 3142 1
e 13 3143 1
e 13 3144 1
e 13 3145 1
e 13 3146 1
e 13 3147 1
e 13 3148 1
e 13 3149 1
e 13 3150 1
e 13 3151 1
e 13 3152 1
e 13 3153 1
e 13 3154 1
e 13 3155 1
e 13 3156 1
e 13 3157 1
e 13 3158 1
e 13 3159 1
e 13 3160 1
e 13 3161 1
e 13 3162 1
e 13 3163 1
e 13 3164 1
e 13 3165 1
e 13 3166 1
e 13 3167 1
e 13 3168 1
e 13 3169 1
e 13 3170 1
e 13 3171 1
e 13 3172 1
e 13 3173 1
e 13 3174 1
e 13 3175 1
e 13 3176 1
e 13 3177 1
e 13 3178 1
e 13 3179 1
e 13 3180 1
e 13 3181 1
e 13 3182 1
e 13 3183 1
e 13 3184 1
e 13 3185 1
e 13 3186 1
e 13 3187 1
e 13 3188 1
e 13 3189 1
e 13 3190 1
e 13 3191 1
e 13 3192 1
e 13 3193 1
e 13 3194 1
e 13 3195 1
e 13 3196 1
e 13 3197 1
e 13 3198 1
e 13 3199 1
e 13 3200 1
e 13 3201 1
e 13 3202 1
e 13 3203 1
e 13 3204 1
e 13 3205 1
e 13 3206 1
e 13 3207 1
e 13 3208 1
e 13 3209 1
e 13 3210 1
e 13 3211 1
e 13 3212 1
e 13 3213 1
e 13 3214 1
e 13 3215 1
e 13 3216 1
e 13 3217 1
e 13 3218 1
e 13 3219 1
e 13 3220 1
e 13 3221 1
e 13 3222 1
e 13 3223 1
e 13 3224 1
e 13 3225 1
e 13 3226 1
e 13 3227 1
e 13 3228 1
e 13 3229 1
e 13 3230 1
e 13 3231 1
e 13 3232 1
e 13 3233 1
e 13 3234 1
e 13 3235 1
e 13 3236 1
e 13 3237 1
e 13 3238 1
e 13 3239 1
e 13 3240 1
e 13 3241 1
e 13 3242 1
e 13 3243 1
e 13 3244 1
e 13 3245 1
e 13 3246 1
e 13 3247 1
e 13 3248 1
e 13 3249 1
e 13 3250 1
e 13 3251 1
e 13 3252 1
e 13 3253 1
e 13 3254 1
e 13 3255 1
e 13 3256 1
e 13 3257 1
e 13 3258 1
e 13 3259 1
e 13 3260 1
e 13 3261 1
e 13 3262 1
e 13 3263 1
e 13 3264 1
e 13 3265 1
e 13 3266 1
e 13 3267 1
e 13 3268 1
e 13 3269 1
e 13 3270 1
e 13 3271 1
e 13 3272 1
e 13 3273 1
e 13 3274 1
e 13 3275 1
e 13 3276 1
e 13 3277 1
e 13 3278 1
e 13 3279 1
e 13 3280 1
e 13 3281 1
e 13 3282 1
e 13 3283 1
e 13 3284 1
e 13 3285 1
e 13 3286 1
e 13 3287 1
e 13 3288 1
e 13 3289 1
e 13 3290 1
e 13 3291 1
e 13 3292 1
e 13 3293 1
e 13 3294 1
e 13 3295 1
e 13 3296 1
e 13 3297 1
e 13 3298 1
e 13 3299 1
e 13 3300 1
e 13 3301 1
e 13 3302 1
e 13 3303 1
e 13 3304 1
e 13 3305 1
e 13 3306 1
e 13 3307 1
e 13 3308 1
e 13 3309 1
e 13 3310 1
e 13 3311 1
e 13 3312 1
e 13 3313 1
e 13 3314 1
e 13 3315 1
e 13 3316 1
e 13 3317 1
e 13 3318 1
e 13 3319 1
e 13 3320 1
e 13 3321 1
e 13 3322 1
e 13 3323 1
e 13 3324 1
e 13 3325 1
e 13 3326 1
e 13 3327 1
e 13 3328 1
e 13 3329 1
e 13 3330 1
e 13 3331 1
e 13 3332 1
e 13 3333 1
e 13 3334 1
e 13 3335 1
e 13 3336 1
e 13 3337 1
e 13 3338 1
e 13 3339 1
e 13 3340 1
e 13 3341 1
e 13 3342 1
e 13 3343 1
e 13 3344 1
e 13 3345 1
e 13 3346 1
e 13 3347 1
e 13 3348 1
e 13 3349 1
e 13 3350 1
e 13 3351 1
e 13 3352 1
e 13 3353 1
e 13 3354 1
e 13 3355 1
e 13 3356 1
e 13 3357 1
e 13 3358 1
e 13 3359 1
e 13 3360 1
e 13 3361 1
e 13 3362 1
e 13 3363 1
e 13 3364 1
e 13 3365 1
e 13 3366 1
e 13 3367 1
e 13 3368 1
e 13 3369 1
e 13 3370 1
e 13 3371 1
e 13 3372 1
e 13 3373 1
e 13 3374 1
e 13 3375 1
e 13 3376 1
e 13 3377 1
e 13 3378 1
e 13 3379 1
e 13 3380 1
e 13 3381 1
e 13 3382 1
e 13 3383 1
e 13 3384 1
e 13 3385 1
e 13 3386 1
e 13 3387 1
e 13 3388 1
e 13 3389 1
e 13 3390 1
e 13 3391 1
e 13 3392 1
e 13 3393 1
e 13 3394 1
e 13 3395 1
e 13 3396 1
e 13 3397 1
e 13 3398 1
e 13 3399 1
e 13 3400 1
e 13 3401 1
e 13 3402 1
e 13 3403 1
e 13 3404 1
e 13 3405 1
e 13 3406 1
e 13 3407 1
e 13 3408 1
e 13 3409 1
e 13 3410 1
e 13 3411 1
e 13 3412 1
e 13 3413 1
e 13 3414 1
e 13 3415 1
e 13 3416 1
e 13 3417 1
e 13 3418 1
e 13 3419 1
e 13 3420 1
e 13 3421 1
e 13 3422 1
e 13 3423 1
e 13 3424 1
e 13 3425 1
e 13 3426 1
e 13 3427 1
e 13 3428 1
e 13 3429 1
e 13 3430 1
e 13 3431 1
e 13 3432 1
e 13 3433 1
e 13 3434 1
e 13 3435 1
e 13 3436 1
e 13 3437 1
e 13 3438 1
e 13 3439 1
e 13 3440 1
e 13 3441 1
e 13 3442 1
e 13 3443 1
e 13 3444 1
e 13 3445 1
e 13 3446 1
e 13 3447 1
e 13 3448 1
e 13 3449 1
e 13 3450 1
e 13 3451 1
e 13 3452 1
e 13 3453 1
e 13 3454 1
e 13 3455 1
e 13 3456 1
e 13 3457 1
e 13 3458 1
e 13 3459 1
e 13 3460 1
e 13 3461 1
e 13 3462 1
e 13 3463 1
e 13 3464 1
e 13 3465 1
e 13 3466 1
e 13 3467 1
e 13 3468 1
e 13 3469 1
e 13 3470 1
e 13 3471 1
e 13 3472 1
e 13 3473 1
e 13 3474 1
e 13 3475 1
e 13 3476 1
e 13 3477 1
e 13 3478 1
e 13 3479 1
e 13 3480 1
e 13 3481 1
e 13 3482 1
e 13 3483 1
e 13 3484 1
e 13 3485 1
e 13 3486 1
e 13 3487 1
e 13 3488 1
e 13 3489 1
e 13 3490 1
e 13 3491 1
e 13 3492 1
e 13 3493 1
e 13 3494 1
e 13 3495 1
e 13 3496 1
e 13 3497 1
e 13 3498 1
e 13 3499 1
e 13 3500 1
e 13 3501 1
e 13 3502 1
e 13 3503 1
e 13 3504 1
e 13 3505 1
e 13 3506 1
e 13 3507 1
e 13 3508 1
e 13 3509 1
e 13 3510 1
e 13 3511 1
e 13 3512 1
e 13 3513 1
e 13 3514 1
e 13 3515 1
e 13 3516 1
e 13 3517 1
e 13 3518 1
e 13 3519 1
e 13 3520 1
e 13 3521 1
e 13 3522 1
e 13 3523 1
e 13 3524 1
e 13 3525 1
e 13 3526 1
e 13 3527 1
e 13 3528 1
e 13 3529 1
e 13 3530 1
e 13 3531 1
e 13 3532 1
e 13 3533 1
e 13 3534 1
e 13 3535 1
e 13 3536 1
e 13 3537 1
e 13 3538 1
e 13 3539 1
e 13 3540 1
e 13 3541 1
e 13 3542 1
e 13 3543 1
e 13 3544 1
e 13 3545 1
e 13 3546 1
e 13 3547 1
e 13 3548 1
e 13 3549 1
e 13 3550 1
e 13 3551 1
e 13 3552 1
e 13 3553 1
e 13 3554 1
e 13 3555 1
e 13 3556 1
e 13 3557 1
e 13 3558 1
e 13 3559 1
e 13 3560 1
e 13 3561 1
e 13 3562 1
e 13 3563 1
e 13 3564 1
e 13 3565 1
e 13 3566 1
e 13 3567 1
e 13 3568 1
e 13 3569 1
e 13 3570 1
e 13 3571 1
e 13 3572 1
e 13 3573 1
e 13 3574 1
e 13 3575 1
e 13 3576 1
e 13 3577 1
e 13 3578 1
e 13 3579 1
e 13 3580 1
e 13 3581 1
e 13 3582 1
e 13 3583 1
e 13 3584 1
e 13 3585 1
e 13 3586 1
e 13 3587 1
e 13 3588 1
e 13 3589 1
e 13 3590 1
e 13 3591 1
e 13 3592 1
e 13 3593 1
e 13 3594 1
e 13 3595 1
e 13 3596 1
e 13 3597 1
e 13 3598 1
e 13 3599 1
e 13 3600 1
e 13 3601 1
e 13 3602 1
e 13 3603 1
e 13 3604 1
e 13 3605 1
e 13 3606 1
e 13 3607 1
e 13 3608 1
e 13 3609 1
e 13 3610 1
e 13 3611 1
e 13 3612 1
e 13 3613 1
e 13 3614 1
e 13 3615 1
e 13 3616 1
e 13 3617 1
e 13 3618 1
e 13 3619 1
e 13 3620 1
e 13 3621 1
e 13 3622 1
e 13 3623 1
e 13 3624 1
e 13 3625 1
e 13 3626 1
e 13 3627 1
e 13 3628 1
e 13 3629 1
e 13 3630 1
e 13 3631 1
e 13 3632 1
e 13 3633 1
e 13 3634 1
e 13 3635 1
e 13 3636 1
e 13 3637 1
e 13 3638 1
e 13 3639 1
e 13 3640 1
e 13 3641 1
e 13 3642 1
e 13 3643 1
e 13 3644 1
e 13 3645 1
e 13 3646 1
e 13 3647 1
e 13 3648 1
e 13 3649 1
e 13 3650 1
e 13 3651 1
e 13 3652 1
e 13 3653 1
e 13 3654 1
e 13 3655 1
e 13 3656 1
e 13 3657 1
e 13 3658 1
e 13 3659 1
e 13 3660 1
e 13 3661 1
e 13 3662 1
e 13 3663 1
e 13 3664 1
e 13 3665 1
e 13 3666 1
e 13 3667 1
e 13 3668 1
e 13 3669 1
e 13 3670 1
e 13 3671 1
e 13 3672 1
e 13 3673 1
e 13 3674 1
e 13 3675 1
e 13 3676 1
e 13 3677 1
e 13 3678 1
e 13 3679 1
e 13 3680 1
e 13 3681 1
e 13 3682 1
e 13 3683 1
e 13 3684 1
e 13 3685 1
e 13 3686 1
e 13 3687 1
e 13 3688 1
e 13 3689 1
e 13 3690 1
e 13 3691 1
e 13 3692 1
e 13 3693 1
e 13 3694 1
e 13 3695 1
e 13 3696 1
e 13 3697 1
e 13 3698 1
e 13 3699 1
e 13 3700 1
e 13 3701 1
e 13 3702 1
e 13 3703 1
e 13 3704 1
e 13 3705 1
e 13 3706 1
e 13 3707 1
e 13 3708 1
e 13 3709 1
e 13 3710 1
e 13 3711 1
e 13 3712 1
e 13 3713 1
e 13 3714 1
e 13 3715 1
e 13 3716 1
e 13 3717 1
e 13 3718 1
e 13 3719 1
e 13 3720 1
e 13 3721 1
e 13 3722 1
e 13 3723 1
e 13 3724 1
e 13 3725 1
e 13 3726 1
e 13 3727 1
e 13 3728 1
e 13 3729 1
e 13 3730 1
e 13 3731 1
e 13 3732 1
e 13 3733 1
e 13 3734 1
e 13 3735 1
e 13 3736 1
e 13 3737 1
e 13 3738 1
e 13 3739 1
e 13 3740 1
e 13 3741 1
e 13 3742 1
e 13 3743 1
e 13 3744 1
e 13 3745 1
e 13 3746 1
e 13 3747 1
e 13 3748 1
e 13 3749 1
e 13 3750 1
e 13 3751 1
e 13 3752 1
e 13 3753 1
e 13 3754 1
e 13 3755 1
e 13 3756 1
e 13 3757 1
e 13 3758 1
e 13 3759 1
e 13 3760 1
e 13 3761 1
e 13 3762 1
e 13 3763 1
e 13 3764 1
e 13 3765 1
e 13 3766 1
e 13 3767 1
e 13 3768 1
e 13 3769 1
e 13 3770 1
e 13 3771 1
e 13 3772 1
e 13 3773 1
e 13 3774 1
e 13 3775 1
e 13 3776 1
e 13 3777 1
e 13 3778 1
e 13 3779 1
e 13 3780 1
e 13 3781 1
e 13 3782 1
e 13 3783 1
e 13 3784 1
e 13 3785 1
e 13 3786 1
e 13 3787 1
e 13 3788 1
e 13 3789 1
e 13 3790 1
e 13 3791 1
e 13 3792 1
e 13 3793 1
e 13 3794 1
e 13 3795 1
e 13 3796 1
e 13 3797 1
e 13 3798 1
e 13 3799 1
e 13 3800 1
e 13 3801 1
e 13 3802 1
e 13 3803 1
e 13 3804 1
e 13 3805 1
e 13 3806 1
e 13 3807 1
e 13 3808 1
e 13 3809 1
e 13 3810 1
e 13 3811 1
e 13 3812 1
e 13 3813 1
e 13 3814 1
e 13 3815 1
e 13 3816 1
e 13 3817 1
e 13 3818 1
e 13 3819 1
e 13 3820 1
e 13 3821 1
e 13 3822 1
e 13 3823 1
e 13 3824 1
e 13 3825 1
e 13 3826 1
e 13 3827 1
e 13 3828 1
e 13 3829 1
e 13 3830 1
e 13 3831 1
e 13 3832 1
e 13 3833 1
e 13 3834 1
e 13 3835 1
e 13 3836 1
e 13 3837 1
e 13 3838 1
e 13 3839 1
e 13 3840 1
e 13 3841 1
e 13 3842 1
e 13 3843 1
e 13 3844 1
e 13 3845 1
e 13 3846 1
e 13 3847 1
e 13 3848 1
e 13 3849 1
e 13 3850 1
e 13 3851 1
e 13 3852 1
e 13 3853 1
e 13 3854 1
e 13 3855 1
e 13 3856 1
e 13 3857 1
e 13 3858 1
e 13 3859 1
e 13 3860 1
e 13 3861 1
e 13 3862 1
e 13 3863 1
e 13 3864 1
e 13 3865 1
e 13 3866 1
e 13 3867 1
e 13 3868 1
e 13 3869 1
e 13 3870 1
e 13 3871 1
e 13 3872 1
e 13 3873 1
e 13 3874 1
e 13 3875 1
e 13 3876 1
e 13 3877 1
e 13 3878 1
e 13 3879 1
e 13 3880 1
e 13 3881 1
e 13 3882 1
e 13 3883 1
e 13 3884 1
e 13 3885 1
e 13 3886 1
e 13 3887 1
e 13 3888 1
e 13 3889 1
e 13 3890 1
e 13 3891 1
e 13 3892 1
e 13 3893 1
e 13 3894 1
e 13 3895 1
e 13 3896 1
e 13 3897 1
e 13 3898 1
e 13 3899 1
e 13 3900 1
e 13 3901 1
e 13 3902 1
e 13 3903 1
e 13 3904 1
e 13 3905 1
e 13 3906 1
e 13 3907 1
e 13 3908 1
e 13 3909 1
e 13 3910 1
e 13 3911 1
e 13 3912 1
e 13 3913 1
e 13 3914 1
e 13 3915 1
e 13 3916 1
e 13 3917 1
e 13 3918 1
e 13 3919 1
e 13 3920 1
e 13 3921 1
e 13 3922 1
e 13 3923 1
e 13 3924 1
e 13 3925 1
e 13 3926 1
e 13 3927 1
e 13 3928 1
e 13 3929 1
e 13 3930 1
e 13 3931 1
e 13 3932 1
e 13 3933 1
e 14 17 1
e 17 203 1
e 17 204 1
e 17 205 1
e 17 206 1
e 17 207 1
e 17 208 1
e 17 209 1
e 17 210 1
e 17 211 1
e 17 212 1
e 17 214 1
e 17 213 1
e 18 19 1
e 18 20 1
e 20 21 1
e 22 23 1
e 22 24 1
e 22 25 1
e 22 26 1
e 22 27 1
e 22 28 1
e 24 25 1
e 24 27 1
e 25 29 1
e 29 30 1
e 31 32 1
e 33 34 1
e 33 35 1
e 33 36 1
e 33 37 1
e 33 38 1
e 33 39 1
e 33 40 1
e 33 41 1
e 33 42 1
e 33 43 1
e 44 45 1
e 44 46 1
e 45 47 1
e 46 48 1
e 49 50 1
e 49 51 1
e 49 52 1
e 49 53 1
e 52 58 1
e 53 57 1
e 54 56 1
e 54 55 1
e 55 59 1
e 60 61 1
e 60 62 1
e 61 72 1
e 61 69 1
e 61 70 1
e 61 71 1
e 63 64 1
e 65 66 1
e 67 68 1
e 73 74 1
e 73 75 1
e 73 76 1
e 73 77 1
e 73 78 1
e 73 79 1
e 73 80 1
e 73 81 1
e 73 82 1
e 83 84 1
e 83 85 1
e 83 86 1
e 83 87 1
e 85 88 1
e 89 96 1
e 89 97 1
e 89 98 1
e 89 99 1
e 89 100 1
e 89 90 1
e 89 91 1
e 89 92 1
e 89 93 1
e 89 94 1
e 89 95 1
e 101 102 1
e 101 103 1
e 104 105 1
e 104 106 1
e 104 107 1
e 104 108 1
e 105 109 1
e 105 110 1
e 111 112 1
e 111 113 1
e 111 114 1
e 111 115 1
e 111 116 1
e 111 117 1
e 115 119 1
e 115 118 1
e 120 121 1
e 122 128 1
e 122 123 1
e 122 124 1
e 122 125 1
e 122 126 1
e 122 127 1
e 129 130 1
e 129 131 1
e 129 132 1
e 129 133 1
e 129 134 1
e 130 132 1
e 130 135 1
e 136 137 1
e 136 138 1
e 136 139 1
e 136 140 1
e 136 141 1
e 136 142 1
e 136 143 1
e 136 144 1
e 136 145 1
e 136 146 1
e 136 147 1
e 136 148 1
e 149 150 1
e 151 152 1
e 151 153 1
e 151 154 1
e 151 155 1
e 151 156 1
e 151 157 1
e 151 158 1
e 151 159 1
e 151 160 1
e 151 161 1
e 151 162 1
e 151 163 1
e 151 164 1
e 151 165 1
e 151 166 1
e 151 167 1
e 151 168 1
e 151 169 1
e 151 170 1
e 151 171 1
e 151 172 1
e 151 173 1
e 151 174 1
e 151 175 1
e 151 176 1
e 177 178 1
e 177 179 1
e 180 181 1
e 180 182 1
e 183 184 1
e 183 185 1
e 183 186 1
e 184 185 1
e 184 186 1
e 185 186 1
e 187 192 1
e 187 188 1
e 187 189 1
e 187 190 1
e 187 191 1
e 190 192 1
e 191 192 1
e 193 194 1
e 193 195 1
e 193 196 1
e 193 197 1
e 198 200 1
e 198 201 1
e 198 202 1
e 198 199 1
e 204 215 1
e 205 206 1
e 215 224 1
e 215 225 1
e 215 226 1
e 215 227 1
e 215 228 1
e 215 229 1
e 215 230 1
e 215 231 1
e 215 232 1
e 215 233 1
e 215 234 1
e 215 235 1
e 215 237 1
e 215 236 1
e 215 220 1
e 215 221 1
e 215 222 1
e 215 223 1
e 216 217 1
e 216 218 1
e 216 219 1
e 238 239 1
e 238 240 1
e 238 241 1
e 238 242 1
e 238 243 1
e 238 244 1
e 238 245 1
e 238 246 1
e 238 247 1
e 238 248 1
e 238 249 1
e 238 250 1
e 238 251 1
e 238 252 1
e 238 253 1
e 238 254 1
e 239 256 1
e 239 257 1
e 239 258 1
e 239 259 1
e 239 260 1
e 239 261 1
e 239 262 1
e 239 240 1
e 239 243 1
e 239 244 1
e 239 255 1
e 241 245 1
e 241 263 1
e 245 264 1
e 245 265 1
e 255 258 1
e 255 262 1
e 256 262 1
e 257 259 1
e 257 266 1
e 257 267 1
e 257 270 1
e 257 271 1
e 258 262 1
e 259 260 1
e 259 262 1
e 259 266 1
e 259 267 1
e 259 268 1
e 259 269 1
e 266 272 1
e 266 273 1
e 266 274 1
e 266 275 1
e 266 276 1
e 266 277 1
e 267 270 1
e 270 278 1
e 272 284 1
e 275 285 1
e 275 286 1
e 279 280 1
e 279 281 1
e 279 282 1
e 279 283 1
e 287 288 1
e 287 289 1
e 287 290 1
e 287 291 1
e 287 292 1
e 287 293 1
e 287 294 1
e 287 295 1
e 288 299 1
e 288 300 1
e 288 301 1
e 288 302 1
e 290 295 1
e 292 295 1
e 293 295 1
e 294 296 1
e 295 297 1
e 295 298 1
e 295 299 1
e 303 304 1
e 303 305 1
e 304 305 1
e 305 306 1
e 305 307 1
e 305 308 1
e 305 309 1
e 310 312 1
e 310 311 1
e 313 314 1
e 313 315 1
e 313 316 1
e 313 317 1
e 318 320 1
e 318 319 1
e 321 322 1
e 321 323 1
e 324 325 1
e 324 326 1
e 324 327 1
e 324 328 1
e 324 329 1
e 324 330 1
e 324 331 1
e 324 332 1
e 324 333 1
e 324 334 1
e 335 336 1
e 335 337 1
e 335 338 1
e 339 340 1
e 339 341 1
e 339 342 1
e 339 343 1
e 339 344 1
e 339 345 1
e 339 346 1
e 339 347 1
e 339 348 1
e 349 352 1
e 349 353 1
e 349 354 1
e 349 355 1
e 349 356 1
e 349 357 1
e 349 358 1
e 349 359 1
e 349 360 1
e 349 361 1
e 349 362 1
e 349 350 1
e 349 351 1
e 363 364 1
e 363 365 1
e 363 366 1
e 363 367 1
e 365 368 1
e 366 368 1
e 366 369 1
e 366 370 1
e 366 367 1
e 367 368 1
e 368 371 1
e 368 372 1
e 368 373 1
e 368 374 1
e 368 375 1
e 371 376 1
e 371 373 1
e 371 374 1
e 371 377 1
e 372 378 1
e 373 374 1
e 376 379 1
e 380 381 1
e 380 382 1
e 383 384 1
e 383 385 1
e 383 386 1
e 383 387 1
e 388 389 1
e 388 390 1
e 388 391 1
e 388 392 1
e 388 393 1
e 388 394 1
e 388 395 1
e 388 396 1
e 389 397 1
e 389 398 1
e 389 399 1
e 400 401 1
e 400 402 1
e 400 403 1
e 401 403 1
e 401 404 1
e 405 408 1
e 405 409 1
e 405 406 1
e 405 407 1
e 410 411 1
e 410 412 1
e 411 413 1
e 411 414 1
e 415 416 1
e 415 417 1
e 415 418 1
e 415 419 1
e 415 420 1
e 415 421 1
e 415 422 1
e 415 423 1
e 415 424 1
e 415 425 1
e 415 426 1
e 427 428 1
e 428 653 1
e 429 430 1
e 429 431 1
e 429 432 1
e 429 433 1
e 429 434 1
e 429 435 1
e 436 437 1
e 436 438 1
e 436 439 1
e 436 440 1
e 436 441 1
e 436 442 1
e 436 443 1
e 436 444 1
e 445 446 1
e 445 447 1
e 448 449 1
e 448 450 1
e 448 451 1
e 448 452 1
e 448 453 1
e 448 454 1
e 448 455 1
e 448 456 1
e 448 457 1
e 448 458 1
e 448 459 1
e 448 460 1
e 448 461 1
e 448 462 1
e 448 463 1
e 448 464 1
e 448 465 1
e 448 466 1
e 450 467 1
e 450 463 1
e 460 463 1
e 462 464 1
e 462 467 1
e 462 468 1
e 462 463 1
e 463 465 1
e 463 466 1
e 464 466 1
e 466 467 1
e 467 469 1
e 468 598 1
e 470 472 1
e 470 471 1
e 473 474 1
e 473 475 1
e 476 477 1
e 476 478 1
e 476 479 1
e 476 480 1
e 476 481 1
e 476 482 1
e 476 483 1
e 476 484 1
e 476 485 1
e 476 486 1
e 476 487 1
e 476 488 1
e 476 489 1
e 476 490 1
e 476 491 1
e 476 492 1
e 476 493 1
e 476 494 1
e 476 495 1
e 476 496 1
e 476 497 1
e 476 498 1
e 476 499 1
e 476 500 1
e 481 501 1
e 497 504 1
e 497 502 1
e 497 503 1
e 505 506 1
e 505 507 1
e 508 509 1
e 508 510 1
e 511 512 1
e 511 513 1
e 514 515 1
e 514 516 1
e 517 518 1
e 517 519 1
e 520 521 1
e 520 522 1
e 520 523 1
e 520 524 1
e 520 526 1
e 520 527 1
e 520 528 1
e 520 529 1
e 520 530 1
e 520 531 1
e 520 532 1
e 520 533 1
e 520 534 1
e 520 535 1
e 520 536 1
e 520 537 1
e 520 538 1
e 520 539 1
e 520 540 1
e 520 541 1
e 520 542 1
e 520 543 1
e 520 544 1
e 520 545 1
e 520 546 1
e 520 547 1
e 520 548 1
e 520 549 1
e 520 550 1
e 520 551 1
e 520 552 1
e 520 553 1
e 520 554 1
e 520 555 1
e 520 556 1
e 520 557 1
e 520 558 1
e 520 525 1
e 526 559 1
e 526 560 1
e 526 561 1
e 526 562 1
e 526 563 1
e 526 564 1
e 526 565 1
e 526 566 1
e 536 568 1
e 536 567 1
e 546 569 1
e 548 570 1
e 548 571 1
e 550 572 1
e 569 1038 1
e 569 1039 1
e 573 576 1
e 573 574 1
e 573 575 1
e 577 578 1
e 577 579 1
e 579 580 1
e 581 584 1
e 581 582 1
e 581 583 1
e 585 586 1
e 585 587 1
e 585 588 1
e 585 589 1
e 586 588 1
e 586 590 1
e 591 592 1
e 591 593 1
e 592 593 1
e 594 595 1
e 594 596 1
e 594 597 1
e 599 600 1
e 599 601 1
e 602 608 1
e 602 609 1
e 602 610 1
e 602 603 1
e 602 604 1
e 602 605 1
e 602 606 1
e 602 607 1
e 611 612 1
e 611 613 1
e 611 614 1
e 611 615 1
e 616 617 1
e 616 618 1
e 616 619 1
e 616 620 1
e 616 621 1
e 616 622 1
e 616 623 1
e 616 624 1
e 616 625 1
e 616 626 1
e 616 627 1
e 616 628 1
e 616 629 1
e 616 630 1
e 616 631 1
e 616 632 1
e 616 633 1
e 616 634 1
e 616 635 1
e 618 640 1
e 618 641 1
e 618 642 1
e 618 643 1
e 618 644 1
e 618 619 1
e 618 622 1
e 618 636 1
e 618 637 1
e 618 638 1
e 618 639 1
e 619 636 1
e 636 650 1
e 636 638 1
e 636 637 1
e 645 646 1
e 645 647 1
e 647 648 1
e 647 649 1
e 651 652 1
e 653 1245 1
e 653 1246 1
e 654 655 1
e 654 656 1
e 654 657 1
e 654 658 1
e 654 659 1
e 654 660 1
e 654 661 1
e 654 662 1
e 654 663 1
e 654 664 1
e 654 665 1
e 654 666 1
e 655 656 1
e 656 657 1
e 667 668 1
e 667 669 1
e 667 670 1
e 668 671 1
e 672 673 1
e 672 674 1
e 672 675 1
e 674 675 1
e 674 676 1
e 675 677 1
e 675 678 1
e 677 770 1
e 678 1261 1
e 679 680 1
e 679 681 1
e 680 681 1
e 681 682 1
e 681 683 1
e 681 684 1
e 681 685 1
e 682 774 1
e 683 775 1
e 686 687 1
e 688 689 1
e 688 690 1
e 688 691 1
e 689 690 1
e 692 693 1
e 692 694 1
e 692 695 1
e 696 697 1
e 696 698 1
e 699 704 1
e 699 705 1
e 699 706 1
e 699 707 1
e 699 700 1
e 699 701 1
e 699 702 1
e 699 703 1
e 708 709 1
e 708 710 1
e 708 711 1
e 708 712 1
e 708 713 1
e 708 714 1
e 708 715 1
e 710 716 1
e 710 717 1
e 711 718 1
e 711 719 1
e 716 797 1
e 720 721 1
e 720 722 1
e 723 724 1
e 723 725 1
e 723 726 1
e 723 727 1
e 723 728 1
e 723 729 1
e 730 736 1
e 730 737 1
e 730 738 1
e 730 739 1
e 730 740 1
e 730 741 1
e 730 742 1
e 730 743 1
e 730 744 1
e 730 745 1
e 730 746 1
e 730 731 1
e 730 732 1
e 730 733 1
e 730 734 1
e 730 735 1
e 747 748 1
e 747 749 1
e 747 750 1
e 747 751 1
e 747 752 1
e 753 754 1
e 753 755 1
e 753 756 1
e 753 757 1
e 753 758 1
e 753 759 1
e 753 760 1
e 761 762 1
e 761 763 1
e 764 768 1
e 764 769 1
e 764 765 1
e 764 766 1
e 764 767 1
e 771 772 1
e 771 773 1
e 775 1763 1
e 776 777 1
e 776 778 1
e 779 780 1
e 779 781 1
e 782 784 1
e 782 783 1
e 785 786 1
e 785 787 1
e 785 788 1
e 787 789 1
e 787 790 1
e 787 791 1
e 792 793 1
e 792 794 1
e 792 795 1
e 795 796 1
e 798 800 1
e 798 801 1
e 798 802 1
e 798 803 1
e 798 804 1
e 798 799 1
e 805 808 1
e 805 809 1
e 805 810 1
e 805 806 1
e 805 807 1
e 811 812 1
e 811 813 1
e 811 814 1
e 811 815 1
e 811 816 1
e 811 817 1
e 811 818 1
e 811 819 1
e 811 820 1
e 811 821 1
e 811 822 1
e 811 823 1
e 811 824 1
e 811 825 1
e 811 826 1
e 811 827 1
e 811 828 1
e 811 829 1
e 830 832 1
e 830 833 1
e 830 834 1
e 830 835 1
e 830 836 1
e 830 837 1
e 830 838 1
e 830 831 1
e 839 840 1
e 839 841 1
e 839 842 1
e 843 844 1
e 843 845 1
e 843 846 1
e 843 847 1
e 843 848 1
e 843 849 1
e 843 850 1
e 843 851 1
e 843 852 1
e 844 845 1
e 844 846 1
e 844 847 1
e 844 848 1
e 844 849 1
e 844 850 1
e 845 849 1
e 845 846 1
e 848 849 1
e 848 850 1
e 848 853 1
e 849 851 1
e 849 854 1
e 849 855 1
e 849 856 1
e 849 857 1
e 849 858 1
e 857 1821 1
e 859 860 1
e 861 864 1
e 861 862 1
e 861 863 1
e 862 865 1
e 863 866 1
e 867 872 1
e 867 868 1
e 867 869 1
e 867 870 1
e 867 871 1
e 873 874 1
e 873 875 1
e 876 878 1
e 876 877 1
e 876 880 1
e 876 881 1
e 876 879 1
e 882 883 1
e 882 884 1
e 885 886 1
e 887 888 1
e 887 889 1
e 890 891 1
e 890 892 1
e 890 893 1
e 894 896 1
e 894 897 1
e 894 898 1
e 894 899 1
e 894 900 1
e 894 901 1
e 894 902 1
e 894 895 1
e 903 904 1
e 905 906 1
e 905 907 1
e 905 908 1
e 905 909 1
e 910 911 1
e 910 912 1
e 910 913 1
e 910 914 1
e 910 915 1
e 910 916 1
e 910 917 1
e 910 918 1
e 910 919 1
e 920 921 1
e 920 922 1
e 920 923 1
e 920 924 1
e 921 924 1
e 925 926 1
e 926 1920 1
e 926 1921 1
e 926 1922 1
e 926 1923 1
e 926 1924 1
e 926 1925 1
e 927 928 1
e 927 929 1
e 927 930 1
e 927 931 1
e 927 932 1
e 927 933 1
e 927 934 1
e 935 936 1
e 935 937 1
e 935 938 1
e 935 939 1
e 935 940 1
e 935 941 1
e 942 944 1
e 942 945 1
e 942 946 1
e 942 947 1
e 942 943 1
e 948 952 1
e 948 949 1
e 948 950 1
e 948 951 1
e 953 960 1
e 953 954 1
e 953 955 1
e 953 956 1
e 953 957 1
e 953 958 1
e 953 959 1
e 961 962 1
e 961 963 1
e 961 964 1
e 961 965 1
e 966 967 1
e 966 968 1
e 966 969 1
e 966 970 1
e 966 971 1
e 966 972 1
e 966 973 1
e 966 974 1
e 966 975 1
e 966 976 1
e 966 977 1
e 966 978 1
e 966 979 1
e 980 984 1
e 980 983 1
e 980 982 1
e 980 981 1
e 981 983 1
e 985 986 1
e 985 987 1
e 985 988 1
e 985 989 1
e 990 992 1
e 990 993 1
e 990 994 1
e 990 991 1
e 991 1654 1
e 991 1653 1
e 995 996 1
e 995 997 1
e 995 998 1
e 999 1000 1
e 1001 1002 1
e 1001 1003 1
e 1001 1004 1
e 1001 1005 1
e 1001 1006 1
e 1001 1007 1
e 1001 1008 1
e 1009 1010 1
e 1009 1011 1
e 1012 1024 1
e 1012 1013 1
e 1012 1014 1
e 1012 1015 1
e 1012 1016 1
e 1012 1017 1
e 1012 1018 1
e 1012 1019 1
e 1012 1020 1
e 1012 1021 1
e 1012 1022 1
e 1012 1023 1
e 1025 1026 1
e 1025 1027 1
e 1025 1028 1
e 1029 1032 1
e 1029 1030 1
e 1029 1031 1
e 1033 1034 1
e 1033 1035 1
e 1033 1036 1
e 1033 1037 1
e 1040 1041 1
e 1040 1042 1
e 1040 1043 1
e 1040 1044 1
e 1040 1045 1
e 1040 1046 1
e 1040 1047 1
e 1040 1048 1
e 1040 1049 1
e 1041 1050 1
e 1043 1047 1
e 1045 1051 1
e 1052 1053 1
e 1054 1056 1
e 1054 1057 1
e 1054 1058 1
e 1054 1055 1
e 1059 1060 1
e 1059 1061 1
e 1059 1062 1
e 1059 1063 1
e 1059 1064 1
e 1059 1065 1
e 1059 1066 1
e 1059 1067 1
e 1060 1065 1
e 1060 1066 1
e 1060 1068 1
e 1060 1069 1
e 1060 1070 1
e 1061 1062 1
e 1062 1063 1
e 1062 1064 1
e 1062 1067 1
e 1062 1071 1
e 1062 1072 1
e 1062 1073 1
e 1062 1074 1
e 1062 1075 1
e 1062 1076 1
e 1062 1077 1
e 1063 1078 1
e 1063 1071 1
e 1079 1080 1
e 1079 1081 1
e 1079 1082 1
e 1079 1083 1
e 1079 1084 1
e 1085 1086 1
e 1085 1087 1
e 1088 1089 1
e 1088 1090 1
e 1091 1092 1
e 1091 1094 1
e 1091 1093 1
e 1095 1096 1
e 1095 1097 1
e 1098 1099 1
e 1098 1100 1
e 1098 1101 1
e 1102 1104 1
e 1102 1103 1
e 1105 1106 1
e 1105 1107 1
e 1106 1107 1
e 1108 1109 1
e 1108 1110 1
e 1111 1112 1
e 1111 1113 1
e 1111 1114 1
e 1112 1114 1
e 1115 1116 1
e 1115 1117 1
e 1115 1118 1
e 1118 1120 1
e 1118 1121 1
e 1118 1119 1
e 1122 1123 1
e 1122 1124 1
e 1125 1126 1
e 1125 1127 1
e 1128 1129 1
e 1128 1130 1
e 1128 1131 1
e 1128 1132 1
e 1128 1133 1
e 1129 1134 1
e 1129 1135 1
e 1130 1132 1
e 1130 1136 1
e 1130 1137 1
e 1130 1138 1
e 1130 1139 1
e 1131 1132 1
e 1131 1133 1
e 1131 1140 1
e 1131 1141 1
e 1131 1142 1
e 1131 1143 1
e 1131 1144 1
e 1131 1145 1
e 1131 1146 1
e 1131 1147 1
e 1131 1148 1
e 1131 1149 1
e 1131 1150 1
e 1131 1151 1
e 1152 1153 1
e 1152 1154 1
e 1155 1156 1
e 1155 1157 1
e 1158 1160 1
e 1158 1161 1
e 1158 1159 1
e 1162 1163 1
e 1162 1164 1
e 1162 1165 1
e 1162 1166 1
e 1162 1167 1
e 1162 1168 1
e 1162 1169 1
e 1162 1170 1
e 1164 1171 1
e 1166 1172 1
e 1166 1173 1
e 1166 1174 1
e 1166 1175 1
e 1166 1176 1
e 1166 1177 1
e 1166 1178 1
e 1166 1179 1
e 1166 1180 1
e 1166 1181 1
e 1166 1182 1
e 1166 1183 1
e 1166 1184 1
e 1166 1185 1
e 1166 1186 1
e 1166 1187 1
e 1166 1188 1
e 1166 1189 1
e 1166 1190 1
e 1166 1191 1
e 1166 1192 1
e 1166 1193 1
e 1166 1194 1
e 1166 1195 1
e 1166 1196 1
e 1166 1197 1
e 1166 1198 1
e 1166 1199 1
e 1166 1200 1
e 1166 1201 1
e 1166 1202 1
e 1166 1203 1
e 1166 1204 1
e 1166 1205 1
e 1166 1206 1
e 1166 1207 1
e 1166 1208 1
e 1166 1209 1
e 1166 1210 1
e 1211 1212 1
e 1211 1213 1
e 1213 1217 1
e 1214 1216 1
e 1214 1215 1
e 1217 1221 1
e 1218 1219 1
e 1218 1220 1
e 1222 1223 1
e 1222 1224 1
e 1222 1225 1
e 1222 1226 1
e 1222 1227 1
e 1228 1229 1
e 1228 1230 1
e 1228 1231 1
e 1228 1232 1
e 1228 1233 1
e 1228 1234 1
e 1228 1235 1
e 1228 1236 1
e 1237 1238 1
e 1237 1239 1
e 1240 1241 1
e 1240 1242 1
e 1240 1243 1
e 1240 1244 1
e 1245 1553 1
e 1245 1554 1
e 1247 1248 1
e 1247 1249 1
e 1247 1250 1
e 1247 1251 1
e 1247 1252 1
e 1247 1253 1
e 1247 1254 1
e 1247 1255 1
e 1247 1256 1
e 1247 1257 1
e 1258 1259 1
e 1258 1260 1
e 1262 1264 1
e 1262 1263 1
e 1263 1265 1
e 1266 1267 1
e 1266 1268 1
e 1266 1269 1
e 1266 1270 1
e 1266 1271 1
e 1266 1272 1
e 1266 1273 1
e 1266 1274 1
e 1266 1275 1
e 1266 1276 1
e 1266 1277 1
e 1266 1278 1
e 1266 1279 1
e 1266 1280 1
e 1266 1281 1
e 1266 1282 1
e 1266 1283 1
e 1266 1284 1
e 1266 1285 1
e 1266 1286 1
e 1266 1287 1
e 1266 1288 1
e 1266 1289 1
e 1266 1290 1
e 1266 1291 1
e 1266 1292 1
e 1266 1293 1
e 1266 1294 1
e 1266 1295 1
e 1266 1296 1
e 1266 1297 1
e 1266 1298 1
e 1266 1299 1
e 1266 1300 1
e 1266 1301 1
e 1266 1302 1
e 1266 1303 1
e 1266 1304 1
e 1266 1305 1
e 1266 1306 1
e 1266 1307 1
e 1266 1308 1
e 1266 1309 1
e 1266 1310 1
e 1266 1311 1
e 1266 1312 1
e 1266 1313 1
e 1266 1314 1
e 1266 1315 1
e 1266 1316 1
e 1266 1317 1
e 1266 1318 1
e 1266 1319 1
e 1266 1320 1
e 1266 1321 1
e 1266 1322 1
e 1266 1323 1
e 1266 1324 1
e 1266 1325 1
e 1266 1326 1
e 1266 1327 1
e 1266 1328 1
e 1266 1329 1
e 1266 1330 1
e 1266 1331 1
e 1266 1332 1
e 1266 1333 1
e 1266 1334 1
e 1266 1335 1
e 1266 1336 1
e 1266 1337 1
e 1266 1338 1
e 1266 1339 1
e 1266 1340 1
e 1266 1341 1
e 1266 1342 1
e 1266 1343 1
e 1266 1344 1
e 1266 1345 1
e 1266 1346 1
e 1266 1347 1
e 1266 1348 1
e 1266 1349 1
e 1266 1350 1
e 1266 1351 1
e 1266 1352 1
e 1266 1353 1
e 1266 1354 1
e 1266 1355 1
e 1266 1356 1
e 1266 1357 1
e 1266 1358 1
e 1266 1359 1
e 1266 1360 1
e 1266 1361 1
e 1266 1362 1
e 1266 1363 1
e 1266 1364 1
e 1266 1365 1
e 1266 1366 1
e 1266 1367 1
e 1266 1368 1
e 1266 1369 1
e 1266 1370 1
e 1266 1371 1
e 1266 1372 1
e 1266 1373 1
e 1266 1374 1
e 1266 1375 1
e 1266 1376 1
e 1266 1377 1
e 1266 1378 1
e 1266 1379 1
e 1266 1380 1
e 1266 1381 1
e 1266 1382 1
e 1266 1383 1
e 1266 1384 1
e 1266 1385 1
e 1266 1386 1
e 1266 1387 1
e 1266 1388 1
e 1266 1389 1
e 1266 1390 1
e 1266 1391 1
e 1266 1392 1
e 1266 1393 1
e 1266 1394 1
e 1266 1395 1
e 1266 1396 1
e 1266 1397 1
e 1266 1398 1
e 1266 1399 1
e 1266 1400 1
e 1266 1401 1
e 1266 1402 1
e 1266 1403 1
e 1266 1404 1
e 1266 1405 1
e 1266 1406 1
e 1266 1407 1
e 1266 1408 1
e 1266 1409 1
e 1266 1410 1
e 1266 1411 1
e 1266 1412 1
e 1266 1413 1
e 1266 1414 1
e 1266 1415 1
e 1266 1416 1
e 1266 1417 1
e 1266 1418 1
e 1266 1419 1
e 1266 1420 1
e 1266 1421 1
e 1266 1422 1
e 1266 1423 1
e 1266 1424 1
e 1266 1425 1
e 1266 1426 1
e 1266 1427 1
e 1266 1428 1
e 1266 1429 1
e 1266 1430 1
e 1266 1431 1
e 1266 1432 1
e 1266 1433 1
e 1266 1434 1
e 1266 1435 1
e 1266 1436 1
e 1266 1437 1
e 1266 1438 1
e 1266 1439 1
e 1266 1440 1
e 1266 1441 1
e 1266 1442 1
e 1266 1443 1
e 1266 1444 1
e 1266 1445 1
e 1266 1446 1
e 1266 1447 1
e 1266 1448 1
e 1266 1449 1
e 1266 1450 1
e 1266 1451 1
e 1266 1452 1
e 1266 1453 1
e 1266 1454 1
e 1266 1455 1
e 1266 1456 1
e 1266 1457 1
e 1266 1458 1
e 1266 1459 1
e 1266 1460 1
e 1266 1461 1
e 1266 1462 1
e 1266 1463 1
e 1266 1464 1
e 1266 1465 1
e 1266 1466 1
e 1266 1467 1
e 1266 1468 1
e 1266 1469 1
e 1266 1470 1
e 1266 1471 1
e 1266 1472 1
e 1266 1473 1
e 1266 1474 1
e 1266 1475 1
e 1266 1476 1
e 1266 1477 1
e 1266 1478 1
e 1266 1479 1
e 1266 1480 1
e 1266 1481 1
e 1266 1482 1
e 1266 1483 1
e 1266 1484 1
e 1266 1485 1
e 1266 1486 1
e 1266 1487 1
e 1266 1488 1
e 1266 1489 1
e 1266 1490 1
e 1266 1491 1
e 1266 1492 1
e 1266 1493 1
e 1266 1494 1
e 1266 1495 1
e 1266 1496 1
e 1266 1497 1
e 1266 1498 1
e 1266 1499 1
e 1266 1500 1
e 1266 1501 1
e 1266 1502 1
e 1266 1503 1
e 1266 1504 1
e 1266 1505 1
e 1266 1506 1
e 1266 1507 1
e 1266 1508 1
e 1266 1509 1
e 1266 1510 1
e 1266 1511 1
e 1266 1512 1
e 1266 1513 1
e 1266 1514 1
e 1266 1515 1
e 1266 1516 1
e 1266 1517 1
e 1266 1518 1
e 1267 1517 1
e 1269 1517 1
e 1270 1517 1
e 1270 1287 1
e 1271 1517 1
e 1272 1517 1
e 1273 1517 1
e 1274 1517 1
e 1278 1517 1
e 1279 1517 1
e 1285 1517 1
e 1287 2250 1
e 1287 2251 1
e 1513 1517 1
e 1514 1517 1
e 1516 1517 1
e 1517 1714 1
e 1517 1715 1
e 1517 1716 1
e 1517 1717 1
e 1517 1718 1
e 1517 1719 1
e 1517 1720 1
e 1517 1721 1
e 1517 1722 1
e 1517 1723 1
e 1517 1724 1
e 1517 1725 1
e 1517 1519 1
e 1517 1522 1
e 1520 1521 1
e 1521 2315 1
e 1523 1524 1
e 1523 1525 1
e 1523 1526 1
e 1523 1527 1
e 1523 1528 1
e 1529 1530 1
e 1529 1531 1
e 1529 1532 1
e 1533 1536 1
e 1533 1537 1
e 1533 1538 1
e 1533 1534 1
e 1533 1535 1
e 1535 1539 1
e 1540 1541 1
e 1540 1542 1
e 1540 1543 1
e 1541 1542 1
e 1541 1543 1
e 1541 1544 1
e 1541 1545 1
e 1541 1546 1
e 1547 1552 1
e 1547 1548 1
e 1547 1549 1
e 1547 1550 1
e 1547 1551 1
e 1555 1556 1
e 1555 1557 1
e 1558 1559 1
e 1560 1568 1
e 1560 1569 1
e 1560 1570 1
e 1560 1571 1
e 1560 1572 1
e 1560 1573 1
e 1560 1561 1
e 1560 1562 1
e 1560 1563 1
e 1560 1564 1
e 1560 1565 1
e 1560 1566 1
e 1560 1567 1
e 1568 1569 1
e 1569 1576 1
e 1569 1574 1
e 1569 1575 1
e 1570 1577 1
e 1571 1578 1
e 1571 1579 1
e 1571 1580 1
e 1572 1581 1
e 1572 1573 1
e 1573 1582 1
e 1574 1686 1
e 1574 1687 1
e 1574 1688 1
e 1574 1689 1
e 1574 1690 1
e 1575 1691 1
e 1583 1584 1
e 1583 1585 1
e 1583 1586 1
e 1583 1587 1
e 1583 1588 1
e 1583 1589 1
e 1588 1590 1
e 1590 1600 1
e 1590 1601 1
e 1590 1602 1
e 1590 1603 1
e 1590 1604 1
e 1590 1605 1
e 1590 1606 1
e 1590 1607 1
e 1590 1608 1
e 1590 1609 1
e 1590 1610 1
e 1590 1591 1
e 1590 1592 1
e 1590 1593 1
e 1590 1594 1
e 1590 1595 1
e 1590 1596 1
e 1590 1597 1
e 1590 1598 1
e 1590 1599 1
e 1611 1616 1
e 1611 1612 1
e 1611 1613 1
e 1611 1614 1
e 1611 1615 1
e 1615 1617 1
e 1615 1618 1
e 1619 1620 1
e 1619 1621 1
e 1622 1624 1
e 1622 1623 1
e 1625 1626 1
e 1625 1627 1
e 1625 1628 1
e 1625 1629 1
e 1630 1632 1
e 1630 1633 1
e 1630 1634 1
e 1630 1635 1
e 1630 1631 1
e 1635 1649 1
e 1635 1650 1
e 1636 1637 1
e 1636 1638 1
e 1637 1640 1
e 1637 1639 1
e 1639 1710 1
e 1640 1682 1
e 1640 1683 1
e 1640 1684 1
e 1640 1685 1
e 1641 1642 1
e 1641 1643 1
e 1641 1644 1
e 1641 1645 1
e 1646 1648 1
e 1646 1647 1
e 1651 1652 1
e 1655 1664 1
e 1655 1665 1
e 1655 1666 1
e 1655 1667 1
e 1655 1668 1
e 1655 1669 1
e 1655 1670 1
e 1655 1671 1
e 1655 1656 1
e 1655 1657 1
e 1655 1658 1
e 1655 1659 1
e 1655 1660 1
e 1655 1661 1
e 1655 1662 1
e 1655 1663 1
e 1672 1673 1
e 1672 1674 1
e 1672 1675 1
e 1672 1676 1
e 1673 1676 1
e 1673 1677 1
e 1673 1678 1
e 1673 1679 1
e 1673 1680 1
e 1673 1681 1
e 1687 1762 1
e 1692 1696 1
e 1692 1693 1
e 1692 1694 1
e 1692 1695 1
e 1697 1698 1
e 1697 1699 1
e 1700 1701 1
e 1702 1703 1
e 1704 1705 1
e 1704 1706 1
e 1707 1708 1
e 1707 1709 1
e 1711 1712 1
e 1711 1713 1
e 1726 1728 1
e 1726 1729 1
e 1726 1730 1
e 1726 1731 1
e 1726 1732 1
e 1726 1727 1
e 1727 1732 1
e 1732 1733 1
e 1732 1734 1
e 1732 1735 1
e 1732 1736 1
e 1732 1737 1
e 1732 1738 1
e 1739 1740 1
e 1739 1741 1
e 1742 1743 1
e 1742 1744 1
e 1742 1745 1
e 1742 1746 1
e 1742 1747 1
e 1742 1748 1
e 1749 1752 1
e 1749 1753 1
e 1749 1754 1
e 1749 1750 1
e 1749 1751 1
e 1751 1755 1
e 1756 1757 1
e 1756 1758 1
e 1759 1760 1
e 1759 1761 1
e 1764 1765 1
e 1764 1766 1
e 1767 1768 1
e 1767 1769 1
e 1767 1770 1
e 1767 1771 1
e 1767 1772 1
e 1767 1773 1
e 1767 1774 1
e 1767 1775 1
e 1767 1776 1
e 1767 1777 1
e 1767 1778 1
e 1767 1779 1
e 1767 1780 1
e 1781 1782 1
e 1781 1783 1
e 1784 1785 1
e 1784 1786 1
e 1784 1787 1
e 1784 1788 1
e 1784 1789 1
e 1784 1790 1
e 1791 1792 1
e 1791 1793 1
e 1794 1795 1
e 1794 1796 1
e 1794 1797 1
e 1794 1798 1
e 1794 1799 1
e 1794 1800 1
e 1801 1802 1
e 1801 1803 1
e 1801 1804 1
e 1805 1808 1
e 1805 1809 1
e 1805 1806 1
e 1805 1807 1
e 1810 1811 1
e 1810 1812 1
e 1810 1813 1
e 1810 1814 1
e 1810 1815 1
e 1811 1813 1
e 1811 1814 1
e 1812 1814 1
e 1812 1813 1
e 1813 1814 1
e 1814 1815 1
e 1814 1816 1
e 1817 1818 1
e 1817 1819 1
e 1817 1820 1
e 1822 1824 1
e 1822 1825 1
e 1822 1823 1
e 1826 1827 1
e 1826 1828 1
e 1826 1829 1
e 1826 1830 1
e 1828 1832 1
e 1828 1831 1
e 1829 1833 1
e 1829 1834 1
e 1829 1830 1
e 1835 1836 1
e 1835 1837 1
e 1838 1840 1
e 1838 1841 1
e 1838 1839 1
e 1842 1843 1
e 1842 1844 1
e 1842 1845 1
e 1842 1846 1
e 1842 1847 1
e 1842 1848 1
e 1842 1849 1
e 1850 1856 1
e 1850 1857 1
e 1850 1858 1
e 1850 1859 1
e 1850 1860 1
e 1850 1861 1
e 1850 1862 1
e 1850 1863 1
e 1850 1864 1
e 1850 1865 1
e 1850 1851 1
e 1850 1852 1
e 1850 1853 1
e 1850 1854 1
e 1850 1855 1
e 1866 1867 1
e 1867 1955 1
e 1868 1869 1
e 1868 1870 1
e 1868 1871 1
e 1868 1872 1
e 1868 1873 1
e 1868 1874 1
e 1868 1875 1
e 1868 1876 1
e 1868 1877 1
e 1868 1878 1
e 1868 1879 1
e 1868 1880 1
e 1868 1881 1
e 1868 1882 1
e 1868 1883 1
e 1868 1884 1
e 1868 1885 1
e 1868 1886 1
e 1868 1887 1
e 1868 1888 1
e 1868 1889 1
e 1868 1890 1
e 1868 1891 1
e 1868 1892 1
e 1868 1893 1
e 1868 1894 1
e 1868 1895 1
e 1868 1896 1
e 1868 1897 1
e 1868 1898 1
e 1868 1899 1
e 1868 1900 1
e 1868 1901 1
e 1872 1882 1
e 1872 1902 1
e 1872 1879 1
e 1903 1904 1
e 1905 1906 1
e 1905 1907 1
e 1905 1908 1
e 1905 1909 1
e 1905 1910 1
e 1905 1911 1
e 1905 1912 1
e 1905 1913 1
e 1905 1914 1
e 1905 1915 1
e 1905 1916 1
e 1905 1917 1
e 1905 1918 1
e 1905 1919 1
e 1926 1928 1
e 1926 1927 1
e 1929 1930 1
e 1929 1931 1
e 1929 1932 1
e 1929 1933 1
e 1934 1935 1
e 1934 1936 1
e 1934 1937 1
e 1934 1938 1
e 1934 1939 1
e 1934 1940 1
e 1934 1941 1
e 1934 1942 1
e 1934 1943 1
e 1934 1944 1
e 1934 1945 1
e 1934 1946 1
e 1934 1947 1
e 1934 1948 1
e 1934 1949 1
e 1934 1950 1
e 1951 1952 1
e 1951 1953 1
e 1951 1954 1
e 1956 1957 1
e 1956 1958 1
e 1959 1960 1
e 1959 1961 1
e 1962 1963 1
e 1962 1964 1
e 1962 1965 1
e 1962 1966 1
e 1967 1968 1
e 1967 1969 1
e 1967 1970 1
e 1967 1971 1
e 1967 1972 1
e 1967 1973 1
e 1974 1975 1
e 1975 2289 1
e 1975 2296 1
e 1975 2297 1
e 1975 2298 1
e 1975 2299 1
e 1975 2300 1
e 1975 2301 1
e 1976 1977 1
e 1976 1978 1
e 1979 1980 1
e 1979 1981 1
e 1982 1983 1
e 1982 1984 1
e 1982 1985 1
e 1982 1986 1
e 1982 1987 1
e 1982 1988 1
e 1982 1989 1
e 1982 1990 1
e 1982 1991 1
e 1982 1992 1
e 1982 1993 1
e 1982 1994 1
e 1982 1995 1
e 1982 1996 1
e 1982 1997 1
e 1982 1998 1
e 1982 1999 1
e 1982 2000 1
e 1982 2001 1
e 1982 2002 1
e 1982 2003 1
e 1982 2004 1
e 1982 2005 1
e 1982 2006 1
e 1982 2007 1
e 1982 2008 1
e 1982 2009 1
e 1982 2010 1
e 1982 2011 1
e 1982 2012 1
e 1982 2013 1
e 1982 2014 1
e 1982 2015 1
e 1982 2016 1
e 1982 2017 1
e 1982 2018 1
e 1982 2019 1
e 1982 2020 1
e 1982 2021 1
e 2022 2024 1
e 2022 2023 1
e 2025 2026 1
e 2025 2027 1
e 2025 2028 1
e 2026 2028 1
e 2026 2029 1
e 2026 2030 1
e 2031 2032 1
e 2031 2033 1
e 2031 2034 1
e 2031 2035 1
e 2031 2036 1
e 2031 2037 1
e 2031 2038 1
e 2031 2039 1
e 2031 2040 1
e 2041 2042 1
e 2041 2043 1
e 2041 2044 1
e 2041 2045 1
e 2046 2048 1
e 2046 2049 1
e 2046 2050 1
e 2046 2051 1
e 2046 2047 1
e 2052 2053 1
e 2052 2054 1
e 2053 2054 1
e 2054 2055 1
e 2056 2057 1
e 2056 2058 1
e 2056 2059 1
e 2060 2061 1
e 2060 2062 1
e 2063 2064 1
e 2063 2065 1
e 2063 2066 1
e 2063 2067 1
e 2063 2068 1
e 2063 2069 1
e 2063 2070 1
e 2064 2068 1
e 2065 2069 1
e 2065 2071 1
e 2065 2072 1
e 2065 2073 1
e 2065 2074 1
e 2065 2075 1
e 2066 2076 1
e 2066 2077 1
e 2068 2078 1
e 2074 2080 1
e 2074 2081 1
e 2074 2082 1
e 2074 2083 1
e 2074 2079 1
e 2080 2227 1
e 2080 2226 1
e 2081 2083 1
e 2081 2228 1
e 2081 2082 1
e 2084 2085 1
e 2084 2086 1
e 2084 2087 1
e 2088 2089 1
e 2088 2090 1
e 2088 2091 1
e 2092 2093 1
e 2092 2094 1
e 2092 2095 1
e 2092 2096 1
e 2092 2097 1
e 2092 2098 1
e 2092 2099 1
e 2092 2100 1
e 2092 2101 1
e 2092 2102 1
e 2093 2095 1
e 2095 2100 1
e 2095 2103 1
e 2095 2104 1
e 2095 2105 1
e 2097 2106 1
e 2107 2108 1
e 2107 2109 1
e 2110 2112 1
e 2110 2113 1
e 2110 2114 1
e 2110 2115 1
e 2110 2111 1
e 2116 2117 1
e 2116 2118 1
e 2116 2119 1
e 2116 2120 1
e 2116 2121 1
e 2116 2122 1
e 2123 2124 1
e 2123 2125 1
e 2123 2126 1
e 2123 2127 1
e 2128 2129 1
e 2128 2130 1
e 2128 2131 1
e 2128 2132 1
e 2133 2134 1
e 2133 2135 1
e 2133 2136 1
e 2133 2137 1
e 2133 2138 1
e 2133 2139 1
e 2133 2140 1
e 2141 2142 1
e 2141 2143 1
e 2142 2144 1
e 2142 2145 1
e 2146 2147 1
e 2146 2148 1
e 2146 2149 1
e 2146 2150 1
e 2151 2152 1
e 2151 2153 1
e 2151 2154 1
e 2151 2155 1
e 2151 2156 1
e 2157 2160 1
e 2157 2158 1
e 2157 2159 1
e 2161 2162 1
e 2161 2163 1
e 2164 2165 1
e 2164 2166 1
e 2167 2176 1
e 2167 2177 1
e 2167 2178 1
e 2167 2168 1
e 2167 2169 1
e 2167 2170 1
e 2167 2171 1
e 2167 2172 1
e 2167 2173 1
e 2167 2174 1
e 2167 2175 1
e 2179 2180 1
e 2179 2181 1
e 2179 2182 1
e 2179 2183 1
e 2179 2184 1
e 2179 2185 1
e 2179 2186 1
e 2179 2187 1
e 2179 2188 1
e 2189 2190 1
e 2189 2191 1
e 2192 2193 1
e 2192 2194 1
e 2192 2195 1
e 2192 2196 1
e 2192 2197 1
e 2192 2198 1
e 2199 2200 1
e 2199 2201 1
e 2199 2202 1
e 2203 2204 1
e 2203 2205 1
e 2206 2208 1
e 2206 2207 1
e 2208 2209 1
e 2210 2211 1
e 2210 2212 1
e 2213 2214 1
e 2213 2215 1
e 2216 2217 1
e 2216 2218 1
e 2216 2219 1
e 2216 2220 1
e 2221 2224 1
e 2221 2225 1
e 2221 2222 1
e 2221 2223 1
e 2229 2232 1
e 2229 2233 1
e 2229 2234 1
e 2229 2230 1
e 2229 2231 1
e 2235 2236 1
e 2235 2237 1
e 2238 2240 1
e 2238 2239 1
e 2241 2242 1
e 2241 2243 1
e 2244 2248 1
e 2244 2249 1
e 2244 2245 1
e 2244 2246 1
e 2244 2247 1
e 2250 2368 1
e 2250 2369 1
e 2250 2367 1
e 2250 2366 1
e 2252 2253 1
e 2252 2254 1
e 2255 2256 1
e 2255 2257 1
e 2255 2258 1
e 2255 2259 1
e 2255 2260 1
e 2261 2262 1
e 2261 2263 1
e 2261 2264 1
e 2261 2265 1
e 2261 2266 1
e 2261 2267 1
e 2261 2268 1
e 2261 2269 1
e 2270 2272 1
e 2270 2271 1
e 2273 2274 1
e 2273 2275 1
e 2276 2277 1
e 2276 2278 1
e 2277 2280 1
e 2277 2279 1
e 2281 2282 1
e 2281 2283 1
e 2282 2284 1
e 2285 2288 1
e 2285 2286 1
e 2285 2287 1
e 2289 2295 1
e 2289 2290 1
e 2289 2291 1
e 2289 2292 1
e 2289 2293 1
e 2289 2294 1
e 2302 2304 1
e 2302 2305 1
e 2302 2306 1
e 2302 2303 1
e 2307 2308 1
e 2307 2309 1
e 2307 2310 1
e 2307 2311 1
e 2312 2313 1
e 2312 2314 1
e 2316 2317 1
e 2316 2318 1
e 2316 2319 1
e 2316 2320 1
e 2316 2321 1
e 2316 2322 1
e 2316 2323 1
e 2316 2324 1
e 2316 2325 1
e 2316 2326 1
e 2327 2328 1
e 2327 2329 1
e 2330 2336 1
e 2330 2331 1
e 2330 2332 1
e 2330 2333 1
e 2330 2334 1
e 2330 2335 1
e 2332 2333 1
e 2333 2337 1
e 2333 2338 1
e 2333 2339 1
e 2333 2340 1
e 2333 2341 1
e 2333 2334 1
e 2334 2338 1
e 2334 2340 1
e 2334 2342 1
e 2338 2340 1
e 2343 2344 1
e 2343 2345 1
e 2343 2346 1
e 2343 2347 1
e 2343 2348 1
e 2349 2352 1
e 2349 2353 1
e 2349 2350 1
e 2349 2351 1
e 2354 2355 1
e 2354 2356 1
e 2354 2357 1
e 2354 2358 1
e 2354 2359 1
e 2354 2360 1
e 2361 2362 1
e 2363 2364 1
e 2363 2365 1
e 2364 2365 1
e 2370 2371 1
e 2370 2372 1
e 2373 2374 1
e 2373 2375 1
e 2373 2376 1
e 2373 2377 1
e 2373 2378 1
e 2373 2379 1
e 2373 2380 1
e 2373 2381 1
e 2373 2382 1
e 2373 2383 1
e 2384 2385 1
e 2384 2386 1
e 2387 2388 1
e 2387 2389 1
e 2387 2390 1
e 2387 2391 1
e 2392 2393 1
e 2392 2394 1
e 2392 2395 1
e 2392 2396 1
e 2397 2400 1
e 2397 2401 1
e 2397 2402 1
e 2397 2403 1
e 2397 2404 1
e 2397 2405 1
e 2397 2406 1
e 2397 2407 1
e 2397 2408 1
e 2397 2409 1
e 2397 2410 1
e 2397 2398 1
e 2397 2399 1
e 2411 2412 1
e 2411 2413 1
e 2411 2414 1
e 2415 2416 1
e 2415 2417 1
e 2418 2419 1
e 2418 2420 1
e 2421 2424 1
e 2421 2422 1
e 2421 2423 1
e 2425 2426 1
e 2425 2427 1
e 2425 2428 1
e 2429 2432 1
e 2429 2433 1
e 2429 2434 1
e 2429 2435 1
e 2429 2436 1
e 2429 2437 1
e 2429 2438 1
e 2429 2439 1
e 2429 2430 1
e 2429 2431 1
e 2430 2440 1
e 2440 4074 1
e 2440 4075 1
e 3504 3936 1
e 3504 3937 1
e 3504 3938 1
e 3504 3939 1
e 3504 3940 1
e 3504 3505 1
e 3504 3934 1
e 3504 3935 1
e 3522 4026 1
e 3561 4079 1
e 3561 4080 1
e 3561 4081 1
e 3561 4082 1
e 3561 4083 1
e 3624 4120 1
e 3624 4121 1
e 3624 4122 1
e 3624 4123 1
e 3936 3941 1
e 3942 3944 1
e 3942 3945 1
e 3942 3946 1
e 3942 3943 1
e 3947 3948 1
e 3947 3949 1
e 3950 3952 1
e 3950 3953 1
e 3950 3954 1
e 3950 3955 1
e 3950 3951 1
e 3951 3952 1
e 3952 3953 1
e 3952 3956 1
e 3957 3958 1
e 3957 3959 1
e 3960 3961 1
e 3960 3962 1
e 3960 3963 1
e 3964 3965 1
e 3964 3966 1
e 3967 3968 1
e 3967 3969 1
e 3967 3970 1
e 3967 3971 1
e 3967 3972 1
e 3967 3973 1
e 3967 3974 1
e 3967 3975 1
e 3967 3976 1
e 3967 3977 1
e 3967 3978 1
e 3967 3979 1
e 3967 3980 1
e 3967 3981 1
e 3967 3982 1
e 3967 3983 1
e 3969 3984 1
e 3984 4202 1
e 3984 4203 1
e 3984 4204 1
e 3984 4201 1
e 3985 3986 1
e 3985 3987 1
e 3985 3988 1
e 3989 3990 1
e 3989 3991 1
e 3989 3992 1
e 3989 3993 1
e 3989 3994 1
e 3989 3995 1
e 3989 3996 1
e 3989 3997 1
e 3989 3998 1
e 3989 3999 1
e 3989 4000 1
e 3989 4001 1
e 3989 4002 1
e 3989 4003 1
e 3989 4004 1
e 3989 4005 1
e 3989 4006 1
e 3989 4007 1
e 3989 4008 1
e 3989 4009 1
e 3989 4010 1
e 3989 4011 1
e 3989 4012 1
e 3989 4013 1
e 3989 4014 1
e 3989 4015 1
e 3989 4016 1
e 3989 4017 1
e 3989 4018 1
e 3989 4019 1
e 3989 4020 1
e 3989 4021 1
e 3989 4022 1
e 3989 4023 1
e 3989 4024 1
e 3989 4025 1
e 4027 4028 1
e 4027 4029 1
e 4027 4030 1
e 4028 4029 1
e 4028 4030 1
e 4029 4030 1
e 4031 4032 1
e 4031 4033 1
e 4031 4034 1
e 4035 4036 1
e 4035 4037 1
e 4035 4038 1
e 4035 4039 1
e 4040 4041 1
e 4040 4042 1
e 4040 4043 1
e 4040 4044 1
e 4045 4048 1
e 4045 4046 1
e 4045 4047 1
e 4049 4064 1
e 4049 4065 1
e 4049 4066 1
e 4049 4067 1
e 4049 4068 1
e 4049 4050 1
e 4049 4051 1
e 4049 4052 1
e 4049 4053 1
e 4049 4054 1
e 4049 4055 1
e 4049 4056 1
e 4049 4057 1
e 4049 4058 1
e 4049 4059 1
e 4049 4060 1
e 4049 4061 1
e 4049 4062 1
e 4049 4063 1
e 4069 4072 1
e 4069 4073 1
e 4069 4070 1
e 4069 4071 1
e 4076 4077 1
e 4076 4078 1
e 4084 4085 1
e 4084 4086 1
e 4084 4087 1
e 4088 4089 1
e 4088 4090 1
e 4088 4091 1
e 4092 4093 1
e 4092 4094 1
e 4095 4096 1
e 4095 4097 1
e 4095 4098 1
e 4099 4100 1
e 4099 4101 1
e 4102 4104 1
e 4102 4103 1
e 4105 4106 1
e 4105 4107 1
e 4105 4108 1
e 4105 4109 1
e 4110 4112 1
e 4110 4113 1
e 4110 4114 1
e 4110 4115 1
e 4110 4111 1
e 4116 4117 1
e 4116 4118 1
e 4116 4119 1
e 4124 4125 1
e 4124 4126 1
e 4127 4128 1
e 4127 4129 1
e 4127 4130 1
e 4131 4132 1
e 4131 4133 1
e 4134 4136 1
e 4134 4137 1
e 4134 4135 1
e 4138 4139 1
e 4138 4140 1
e 4141 4144 1
e 4141 4145 1
e 4141 4142 1
e 4141 4143 1
e 4146 4160 1
e 4146 4161 1
e 4146 4162 1
e 4146 4147 1
e 4146 4148 1
e 4146 4149 1
e 4146 4150 1
e 4146 4151 1
e 4146 4152 1
e 4146 4153 1
e 4146 4154 1
e 4146 4155 1
e 4146 4156 1
e 4146 4157 1
e 4146 4158 1
e 4146 4159 1
e 4163 4164 1
e 4163 4165 1
e 4163 4166 1
e 4163 4167 1
e 4163 4168 1
e 4163 4169 1
e 4164 4170 1
e 4164 4165 1
e 4171 4172 1
e 4171 4173 1
e 4171 4174 1
e 4171 4175 1
e 4171 4176 1
e 4171 4177 1
e 4178 4179 1
e 4178 4180 1
e 4178 4181 1
e 4178 4182 1
e 4178 4183 1
e 4178 4184 1
e 4178 4185 1
e 4186 4187 1
e 4186 4188 1
e 4189 4192 1
e 4189 4193 1
e 4189 4194 1
e 4189 4190 1
e 4189 4191 1
e 4195 4200 1
e 4195 4196 1
e 4195 4197 1
e 4195 4198 1
e 4195 4199 1
e 4205 4206 1
e 4205 4207 1
e 4208 4209 1
e 4208 4210 1
e 4208 4211 1
e 4208 4212 1
e 4208 4213 1
e 4208 4214 1
e 4208 4215 1
e 4208 4216 1
e 4208 4217 1
e 4208 4218 1
e 4208 4219 1
e 4208 4220 1
e 4221 4222 1
e 4221 4223 1
e 4224 4225 1
e 4224 4226 1
e 4227 4228 1
e 4227 4229 1
e 4230 4232 1
e 4230 4231 1
e 4233 4234 1
e 4233 4235 1
e 4233 4236 1
e 4233 4237 1
e 4233 4238 1
e 4233 4239 1
e 4233 4240 1
e 4233 4241 1
e 4233 4242 1
e 4233 4243 1
